 22.00
 21.75
 21.75
 21.75
 22.00
 21.75
 21.75
 22.00
 21.75
 22.00
 21.75
 21.50
 21.50
 22.25
 21.50
 21.00
 21.50
 21.50
 21.25
 22.00
 21.75
 21.50
 21.50
 21.75
 21.75
 22.00
 22.50
 22.25
 23.00
 22.75
 23.00
 22.75
 23.00
 23.00
 23.50
 23.25
 23.25
 23.25
 23.00
 23.25
 23.50
 23.50
 23.75
 24.00
 23.50
 24.25
 24.25
 24.50
 24.50
 24.50
 24.25
 24.25
 24.25
 24.50
 24.50
 25.00
 24.75
 25.00
 25.00
 25.25
 25.00
 25.25
 25.00
 25.75
 25.50
 25.75
 25.75
 25.75
 25.75
 26.00
 26.25
 26.50
 26.50
 26.75
 26.50
 26.25
 26.50
 26.50
 27.00
 27.00
 27.50
 27.25
 27.25
 27.75
 27.50
 28.00
 28.75
 29.00
 28.75
 29.25
 29.25
 29.50
 29.75
 30.50
 30.00
 29.75
 30.25
 30.00
 30.50
 31.00
 30.25
 31.00
 31.00
 31.00
 30.50
 30.50
 31.25
 30.75
 31.00
 31.25
 31.25
 31.25
 31.00
 31.00
 31.25
 30.75
 31.00
 31.00
 31.00
 30.75
 30.75
 31.00
 30.75
 31.00
 30.75
 30.50
 30.75
 30.75
 31.00
 30.00
 30.50
 30.25
 30.50
 30.50
 30.50
 30.50
 29.75
 30.50
 30.25
 30.25
 29.25
 29.75
 29.50
 30.00
 30.25
 30.00
 30.00
 30.00
 29.75
 29.50
 29.75
 30.00
 29.50
 29.75
 29.50
 29.75
 29.75
 29.50
 29.25
 29.50
 29.50
 29.25
 28.75
 28.75
 29.25
 28.75
 29.25
 28.75
 29.25
 28.75
 28.75
 29.00
 29.00
 28.75
 28.75
 29.00
 28.75
 29.00
 28.50
 28.50
 28.75
 28.75
 28.75
 28.75
 28.75
 28.00
 28.75
 28.50
 28.25
 28.50
 28.75
 28.00
 28.50
 28.50
 28.75
 28.25
 27.50
 27.75
 28.25
 28.00
 28.00
 27.50
 27.75
 28.25
 28.25
 28.00
 27.75
 27.75
 28.25
 27.75
 27.25
 27.75
 27.25
 28.00
 27.50
 27.50
 27.75
 27.00
 27.75
 27.00
 27.75
 27.25
 27.50
 27.75
 27.75
 27.25
 27.50
 27.25
 27.25
 27.50
 27.25
 27.00
 27.25
 27.00
 27.00
 27.25
 27.00
 27.00
 27.00
 27.25
 26.75
 26.75
 26.50
 27.00
 27.00
 27.00
 26.75
 27.00
 26.50
 26.50
 26.75
 26.75
 26.75
 26.50
 26.25
 26.75
 26.75
 26.25
 26.50
 26.50
 26.75
 26.50
 26.50
 26.00
 26.25
 26.00
 26.50
 26.50
 26.00
 26.50
 26.25
 26.50
 26.00
 25.75
 26.25
 26.25
 25.75
 26.25
 26.50
 26.00
 26.00
 26.00
 26.25
 26.50
 26.00
 26.50
 26.00
 26.50
 26.25
 26.50
 26.25
 26.50
 26.50
 26.00
 26.25
 25.75
 26.00
 26.50
 26.00
 25.25
 26.00
 25.50
 25.25
 26.00
 26.00
 26.00
 26.25
 26.25
 26.00
 26.50
 26.25
 26.00
 26.00
 26.00
 26.25
 26.50
 26.25
 26.50
 26.50
 26.25
 26.00
 26.75
 26.50
 27.00
 26.50
 26.25
 27.00
 27.00
 27.00
 27.25
 26.75
 27.00
 27.00
 26.75
 26.75
 27.00
 27.00
 27.25
 27.25
 27.25
 27.00
 27.00
 27.00
 27.00
 27.00
 27.00
 26.25
 27.00
 27.00
 26.25
 27.00
 27.00
 27.00
 26.75
 26.50
 26.50
 26.50
 26.75
 26.75
 27.00
 27.00
 26.75
 26.50
 26.25
 27.00
 26.50
 26.50
 26.75
 26.50
 26.75
 26.00
 26.50
 26.75
 26.50
 26.50
 25.50
 26.25
 26.50
 26.00
 26.25
 26.00
 25.75
 26.25
 26.00
 25.50
 25.50
 25.50
 24.75
 25.25
 25.25
 25.75
 26.25
 26.25
 26.25
 26.25
 25.75
 26.00
 26.25
 26.25
 26.00
 26.00
 25.75
 26.25
 25.75
 25.75
 26.00
 26.25
 26.00
 25.50
 26.00
 25.75
 25.75
 26.00
 26.25
 25.75
 26.00
 25.75
 25.75
 25.75
 26.25
 26.25
 26.25
 26.25
 26.25
 25.75
 26.25
 26.25
 26.00
 26.25
 26.75
 26.25
 25.25
 25.75
 26.50
 26.25
 26.75
 26.50
 26.25
 26.50
 26.50
 26.50
 26.75
 26.75
 26.75
 27.00
 26.75
 27.00
 27.25
 27.00
 27.25
 27.25
 27.25
 27.25
 27.00
 27.50
 28.00
 27.50
 27.75
 27.75
 27.75
 28.00
 27.50
 27.50
 27.75
 27.75
 27.75
 27.75
 27.50
 28.00
 28.00
 27.50
 27.00
 26.50
 26.75
 27.00
 26.50
 27.00
 27.00
 26.75
 26.50
 26.75
 26.75
 26.50
 26.50
 26.00
 26.75
 26.50
 26.50
 26.50
 26.75
 26.50
 26.50
 26.75
 26.50
 26.25
 26.75
 26.50
 26.25
 26.00
 26.25
 27.00
 26.75
 26.75
 26.50
 26.50
 25.75
 25.75
 25.50
 25.50
 26.00
 26.25
 26.25
 26.25
 25.75
 26.00
 26.00
 26.00
 26.25
 26.50
 26.25
 26.25
 26.25
 26.25
 26.25
 26.50
 26.25
 26.75
 26.75
 26.75
 26.25
 26.75
 26.25
 26.75
 26.25
 26.75
 26.25
 26.25
 27.00
 27.00
 26.75
 26.25
 26.75
 26.50
 26.50
 26.75
 26.00
 26.50
 26.25
 26.00
 26.25
 26.50
 26.50
 26.00
 26.00
 26.00
 26.25
 25.50
 25.75
 26.25
 26.25
 25.75
 25.75
 26.25
 26.00
 25.75
 25.00
 26.00
 26.25
 26.25
 26.50
 26.25
 26.75
 26.00
 26.25
 26.50
 26.50
 26.50
 26.25
 26.50
 26.50
 26.50
 26.75
 26.50
 26.50
 26.50
 26.75
 26.75
 26.75
 26.25
 26.50
 26.50
 26.50
 26.50
 26.25
 26.50
 26.50
 27.00
 26.50
 26.50
 27.00
 26.50
 26.50
 26.75
 26.50
 26.50
 26.50
 26.00
 26.25
 26.50
 26.00
 26.25
 26.25
 26.25
 26.25
 26.00
 26.25
 26.25
 25.75
 26.25
 26.25
 26.00
 26.00
 26.25
 26.25
 26.25
 26.25
 26.25
 26.25
 26.25
 26.00
 26.25
 26.25
 26.25
 26.50
 26.25
 26.50
 26.75
 26.50
 26.75
 27.00
 26.75
 27.00
 27.00
 26.25
 27.00
 27.00
 27.25
 27.25
 27.00
 26.75
 27.50
 27.00
 27.00
 28.00
 27.75
 28.00
 27.50
 27.50
 27.75
 28.00
 27.50
 27.50
 28.00
 27.50
 27.25
 27.50
 27.25
 27.50
 27.50
 27.25
 27.75
 27.50
 27.50
 27.00
 27.50
 27.25
 27.25
 27.25
 27.50
 27.00
 27.25
 27.00
 27.00
 27.00
 26.75
 27.25
 26.75
 27.00
 27.00
 26.25
 26.50
 27.25
 26.75
 27.00
 27.00
 27.00
 26.75
 26.75
 27.00
 27.00
 27.25
 26.75
 27.25
 26.75
 26.50
 26.75
 26.75
 27.25
 27.00
 27.25
 27.25
 26.75
 27.50
 27.50
 27.50
 27.00
 27.50
 27.75
 27.75
 27.75
 27.50
 27.75
 27.25
 26.75
 27.00
 27.75
 27.50
 27.25
 27.75
 27.50
 27.75
 28.75
 29.00
 26.75
 27.25
 28.25
 27.25
 28.00
 27.75
 27.75
 27.75
 27.50
 28.00
 28.00
 27.75
 27.75
 27.25
 27.25
 27.75
 27.25
 27.75
 27.75
 27.50
 27.00
 27.75
 27.75
 27.75
 27.25
 27.25
 27.50
 27.50
 27.00
 27.50
 27.25
 27.50
 27.00
 27.50
 27.75
 27.50
 27.00
 26.75
 26.75
 27.25
 27.25
 26.75
 26.75
 26.75
 27.00
 27.00
 26.75
 26.50
 26.25
 25.75
 27.00
 27.00
 27.00
 26.75
 27.00
 26.50
 26.75
 27.00
 26.50
 27.25
 27.25
 26.50
 27.00
 27.00
 27.00
 27.00
 26.75
 26.75
 26.75
 26.75
 26.75
 27.00
 26.75
 27.00
 27.00
 27.00
 26.75
 27.00
 26.25
 26.75
 26.50
 26.50
 27.25
 27.00
 26.75
 26.75
 27.00
 27.25
 27.00
 27.00
 27.00
 26.75
 26.75
 26.75
 26.75
 26.50
 27.00
 27.25
 26.75
 26.50
 26.75
 26.50
 26.50
 26.25
 26.25
 26.25
 26.25
 26.25
 25.75
 26.25
 26.00
 26.25
 26.50
 26.25
 26.50
 26.50
 26.50
 26.75
 26.50
 26.50
 26.25
 27.00
 26.50
 26.50
 26.50
 26.50
 26.50
 26.75
 27.00
 27.00
 26.75
 27.25
 27.00
 27.00
 27.25
 28.00
 27.25
 27.25
 27.25
 27.00
 26.75
 26.75
 26.25
 27.00
 27.25
 26.75
 27.00
 26.75
 27.00
 26.75
 27.00
 26.25
 26.75
 26.75
 26.50
 26.50
 26.50
 26.25
 26.50
 26.25
 26.50
 26.50
 26.50
 26.75
 26.75
 26.25
 26.75
 26.25
 26.25
 26.50
 26.50
 26.50
 26.50
 26.00
 26.25
 26.25
 26.25
 26.75
 26.50
 26.00
 26.50
 26.75
 26.75
 26.50
 26.50
 26.25
 26.25
 26.50
 26.75
 26.75
 26.50
 26.75
 26.75
 26.50
 26.50
 26.75
 25.75
 26.50
 26.00
 26.75
 26.50
 26.25
 26.25
 26.50
 26.25
 26.00
 26.25
 26.75
 26.75
 25.50
 26.00
 25.00
 25.25
 25.25
 25.25
 25.25
 26.00
 25.75
 25.75
 25.50
 25.25
 25.50
 25.00
 25.75
 26.00
 26.50
 26.00
 25.75
 25.75
 25.75
 26.00
 26.00
 25.75
 26.75
 26.75
 26.50
 26.25
 27.00
 27.00
 26.50
 27.00
 26.75
 26.50
 26.75
 27.00
 26.75
 26.75
 26.75
 25.75
 26.25
 26.25
 26.25
 26.25
 26.50
 26.75
 26.25
 26.50
 26.25
 26.50
 26.50
 26.00
 26.25
 26.25
 26.75
 26.50
 26.25
 26.00
 26.00
 26.00
 26.00
 26.00
 25.75
 25.75
 25.75
 25.50
 25.75
 25.25
 25.75
 25.25
 25.50
 25.50
 25.50
 25.25
 25.50
 25.50
 26.00
 26.50
 26.00
 25.75
 26.00
 25.75
 26.25
 26.00
 26.00
 26.00
 26.25
 26.25
 26.00
 25.75
 25.50
 26.25
 26.25
 26.25
 26.50
 26.25
 26.25
 26.25
 25.75
 26.50
 26.50
 26.50
 26.75
 26.75
 26.75
 26.25
 26.50
 26.50
 26.25
 26.75
 26.75
 26.50
 26.75
 26.75
 26.75
 26.50
 26.25
 25.75
 26.00
 25.75
 26.00
 24.75
 25.75
 25.50
 25.75
 25.75
 25.75
 26.00
 25.50
 25.75
 25.75
 25.75
 25.75
 25.25
 25.25
 25.50
 25.50
 25.25
 25.50
 25.50
 25.25
 25.25
 25.50
 25.25
 25.50
 25.00
 24.75
 24.75
 25.00
 25.75
 26.25
 26.25
 26.25
 26.25
 25.25
 25.50
 25.75
 25.75
 25.75
 25.50
 25.75
 25.50
 25.50
 25.75
 25.50
 25.75
 25.25
 25.50
 25.75
 26.00
 26.25
 26.00
 26.00
 25.75
 25.50
 26.00
 25.50
 25.25
 25.00
 25.75
 25.25
 25.00
 25.25
 25.50
 25.25
 25.25
 24.75
 25.50
 25.25
 24.75
 25.75
 25.50
 25.50
 25.75
 27.00
 26.75
 26.50
 27.75
 27.50
 27.50
 26.50
 28.00
 27.75
 27.75
 27.00
 27.75
 28.00
 28.00
 28.00
 28.00
 28.00