 21.50
 22.00
 22.50
 22.50
 22.00
 22.50
 22.50
 21.75
 22.00
 22.00
 22.00
 22.25
 22.25
 21.75
 22.25
 22.00
 22.50
 22.75
 22.75
 22.50
 22.75
 22.50
 22.75
 23.00
 23.75
 23.25
 23.75
 23.75
 23.50
 23.75
 24.00
 23.75
 24.00
 23.75
 23.75
 24.25
 24.00
 23.75
 24.00
 23.75
 24.00
 24.25
 24.50
 24.75
 25.00
 25.25
 25.25
 24.50
 24.75
 25.50
 25.50
 25.50
 25.50
 25.25
 25.50
 25.50
 26.00
 26.50
 26.25
 25.75
 26.00
 26.50
 26.00
 26.00
 26.50
 26.75
 26.50
 26.75
 26.50
 27.00
 27.00
 27.25
 27.50
 27.00
 27.25
 27.50
 27.00
 27.25
 27.25
 27.50
 27.75
 28.00
 28.00
 27.50
 27.75
 28.00
 27.75
 27.75
 27.75
 28.25
 28.75
 28.50
 28.25
 28.50
 29.00
 28.75
 29.00
 28.75
 28.00
 28.25
 28.00
 28.75
 28.50
 29.00
 28.75
 29.00
 28.75
 29.00
 28.50
 29.50
 29.25
 29.25
 29.25
 29.00
 29.25
 29.25
 29.25
 30.25
 29.75
 29.50
 29.75
 30.00
 29.75
 29.75
 29.75
 29.50
 29.50
 30.00
 29.75
 30.25
 29.75
 30.25
 30.00
 30.00
 30.75
 30.25
 30.50
 30.00
 30.25
 30.00
 30.50
 30.00
 30.50
 30.50
 30.50
 30.50
 30.75
 31.00
 30.75
 30.75
 30.75
 31.25
 31.25
 31.00
 31.00
 30.75
 31.25
 31.50
 31.00
 32.25
 31.50
 31.75
 31.25
 32.00
 31.50
 32.00
 32.00
 32.00
 32.00
 32.00
 32.25
 32.00
 32.00
 32.00
 32.25
 32.25
 32.25
 32.50
 32.50
 32.50
 32.75
 32.75
 32.75
 33.25
 33.50
 34.00
 33.50
 33.50
 33.75
 33.50
 34.00
 34.25
 34.50
 34.50
 34.75
 35.00
 35.25
 35.25
 35.25
 35.75
 36.00
 36.25
 36.00
 36.50
 36.50
 37.25
 37.25
 37.75
 38.00
 38.25
 38.75
 38.50
 39.25
 39.50
 39.00
 39.25
 40.00
 39.75
 39.50
 39.50
 40.00
 40.25
 39.50
 40.00
 40.25
 40.50
 40.00
 40.50
 40.50
 40.50
 40.00
 40.00
 39.75
 39.25
 39.75
 39.75
 39.50
 39.75
 39.25
 39.50
 39.50
 39.50
 39.75
 39.25
 39.50
 39.25
 39.25
 39.25
 38.75
 39.00
 38.50
 38.50
 39.25
 38.50
 39.00
 38.25
 38.75
 38.25
 38.25
 38.50
 38.25
 38.00
 38.00
 38.00
 37.75
 37.75
 38.00
 37.50
 37.00
 37.25
 37.00
 37.00
 36.75
 37.00
 37.00
 36.25
 37.00
 36.25
 36.50
 36.50
 36.25
 36.25
 36.50
 36.00
 35.75
 36.25
 35.75
 35.75
 35.75
 35.25
 35.75
 35.25
 35.25
 35.25
 35.00
 35.00
 35.25
 35.00
 34.75
 35.00
 34.75
 34.50
 34.75
 34.50
 34.50
 34.25
 34.00
 34.25
 34.00
 34.25
 34.00
 34.00
 33.75
 34.00
 34.25
 34.00
 33.75
 34.00
 33.75
 33.75
 33.75
 33.75
 33.50
 33.50
 33.00
 33.25
 33.00
 33.00
 33.25
 33.00
 33.25
 33.50
 33.25
 32.75
 33.50
 33.25
 33.25
 33.00
 33.50
 33.50
 33.25
 33.25
 33.75
 33.50
 33.75
 34.00
 33.75
 34.50
 34.50
 35.00
 34.75
 35.25
 35.00
 35.75
 36.00
 36.00
 36.50
 36.25
 36.75
 37.25
 38.00
 38.25
 38.75
 39.00
 39.25
 39.75
 40.00
 40.00
 40.25
 40.50
 41.00
 41.25
 41.00
 41.25
 41.50
 41.25
 41.25
 40.75
 41.25
 40.75
 41.25
 41.50
 41.25
 41.50
 41.25
 41.25
 40.75
 41.00
 41.25
 41.00
 41.25
 41.00
 40.75
 41.00
 41.00
 40.75
 40.75
 40.50
 40.50
 40.50
 40.75
 40.00
 40.25
 40.00
 40.50
 40.25
 40.00
 40.00
 39.75
 39.25
 39.75
 39.50
 39.50
 39.50
 38.75
 38.25
 39.00
 39.00
 38.75
 38.50
 38.25
 38.25
 38.50
 38.25
 37.75
 38.25
 37.75
 37.75
 37.50
 37.50
 37.50
 37.50
 37.50
 37.25
 36.75
 37.25
 37.25
 37.00
 36.50
 36.25
 36.75
 36.50
 36.00
 36.25
 36.25
 36.00
 36.00
 35.75
 36.00
 36.00
 36.25
 36.00
 35.75
 35.25
 35.00
 35.50
 35.25
 35.00
 35.25
 35.00
 35.00
 34.75
 34.75
 34.75
 35.00
 34.50
 34.75
 34.75
 34.75
 34.25
 34.25
 34.25
 34.50
 34.75
 34.50
 34.25
 33.75
 34.00
 33.50
 33.75
 34.50
 34.75
 34.25
 34.25
 34.75
 34.50
 35.00
 34.75
 35.00
 35.00
 34.75
 34.75
 34.75
 35.00
 35.25
 34.75
 34.75
 35.00
 35.00
 35.25
 35.25
 35.00
 35.00
 35.00
 35.00
 34.50
 35.00
 35.00
 35.25
 34.75
 35.00
 34.75
 34.25
 35.00
 34.75
 35.00
 34.75
 34.50
 34.25
 34.75
 34.25
 33.50
 34.50
 34.25
 34.00
 34.50
 34.00
 34.25
 33.25
 34.25
 34.00
 34.00
 33.75
 34.00
 33.75
 34.25
 34.50
 34.25
 34.50
 34.25
 34.50
 34.50
 34.75
 34.50
 34.50
 34.75
 34.25
 34.75
 34.75
 35.25
 34.75
 35.00
 35.25
 35.75
 35.75
 35.50
 36.00
 35.50
 35.50
 36.00
 35.75
 35.75
 35.75
 36.00
 36.00
 36.00
 36.00
 36.00
 36.00
 35.50
 35.75
 35.50
 35.75
 35.50
 35.75
 35.75
 35.50
 35.75
 35.50
 35.50
 35.25
 34.75
 34.50
 34.75
 35.25
 34.75
 35.00
 34.75
 35.00
 34.50
 34.75
 35.00
 34.75
 34.50
 34.75
 34.50
 34.50
 34.50
 34.50
 35.00
 34.75
 34.75
 34.50
 35.25
 34.75
 34.75
 34.75
 35.00
 35.00
 35.25
 34.75
 35.00
 35.50
 35.00
 35.00
 35.00
 35.00
 35.00
 35.00
 34.75
 35.25
 34.75
 34.75
 34.75
 34.75
 34.75
 34.75
 34.25
 34.25
 34.50
 34.50
 34.50
 34.50
 34.75
 35.25
 34.75
 34.75
 35.00
 35.00
 35.00
 35.25
 35.00
 35.25
 35.50
 35.00
 35.50
 35.75
 35.75
 35.75
 36.00
 36.00
 36.00
 36.25
 36.00
 36.00
 36.25
 36.25
 36.25
 36.50
 36.25
 36.25
 36.25
 36.00
 36.25
 36.00
 36.25
 36.25
 36.00
 35.75
 36.00
 36.00
 36.00
 35.50
 35.75
 35.50
 35.50
 35.50
 35.75
 35.50
 35.50
 35.00
 35.25
 35.25
 35.00
 35.25
 35.00
 35.00
 35.00
 35.00
 34.75
 34.25
 34.75
 34.75
 34.50
 34.75
 34.50
 34.50
 34.25
 34.50
 34.25
 34.50
 34.00
 34.25
 34.25
 33.75
 34.25
 34.00
 34.00
 34.00
 33.00
 34.00
 34.00
 34.00
 34.00
 33.75
 33.75
 34.00
 34.25
 34.25
 34.75
 34.25
 34.25
 34.25
 34.25
 33.75
 34.25
 33.75
 34.25
 34.50
 34.25
 34.25
 34.25
 34.25
 33.75
 33.75
 33.75
 34.00
 34.00
 34.00
 34.00
 33.75
 33.25
 34.00
 33.50
 33.50
 33.75
 33.25
 33.50
 33.75
 33.25
 33.25
 33.00
 33.25
 33.25
 33.50
 32.50
 33.00
 33.50
 33.75
 33.00
 33.00
 33.50
 33.50
 33.00
 33.25
 33.25
 33.00
 33.00
 32.50
 32.50
 32.50
 32.25
 32.50
 32.50
 32.75
 32.50
 33.00
 33.25
 32.00
 32.50
 32.50
 32.00
 32.00
 32.50
 32.50
 32.25
 32.50
 32.50
 32.50
 33.00
 33.00
 33.25
 33.00
 33.00
 33.50
 33.50
 33.75
 33.50
 34.00
 34.25
 34.50
 34.00
 34.00
 34.75
 34.50
 34.50
 35.00
 35.50
 35.75
 35.25
 35.75
 35.25
 35.50
 36.00
 35.75
 35.50
 35.75
 36.00
 35.75
 35.75
 35.75
 35.75
 36.25
 35.50
 35.50
 35.75
 35.75
 35.25
 35.75
 35.75
 35.75
 35.25
 35.50
 35.75
 35.25
 35.50
 35.25
 35.50
 35.25
 35.25
 35.50
 35.50
 35.50
 34.50
 35.00
 35.00
 35.00
 34.75
 34.75
 34.75
 34.00
 34.00
 33.75
 34.25
 34.50
 34.00
 34.25
 33.50
 34.00
 34.00
 33.50
 33.50
 33.25
 33.25
 32.50
 33.00
 33.50
 33.25
 33.25
 33.00
 33.00
 32.75
 33.25
 33.25
 32.25
 33.00
 33.00
 32.75
 33.25
 32.75
 32.75
 32.50
 32.75
 32.75
 32.50
 32.00
 32.25
 32.50
 32.00
 32.25
 32.25
 31.50
 33.00
 32.00
 32.50
 33.00
 32.75
 32.75
 32.50
 32.50
 32.50
 33.00
 33.00
 32.25
 33.00
 32.00
 32.50
 32.25
 32.75
 32.50
 32.25
 31.75
 32.50
 32.25
 32.25
 32.75
 33.00
 32.50
 32.25
 32.00
 32.00
 32.00
 31.50
 32.00
 32.00
 32.00
 31.75
 32.00
 32.25
 32.00
 31.50
 32.00
 31.75
 31.50
 32.00
 32.00
 31.25
 31.50
 32.25
 32.00
 31.75
 31.75
 31.50
 31.25
 32.00
 32.00
 31.75
 31.75
 31.50
 32.25
 32.25
 32.00
 32.00
 32.00
 31.25
 31.75
 32.00
 31.75
 31.50
 31.75
 32.00
 32.25
 33.00
 33.00
 32.75
 31.75
 32.50
 32.50
 32.75
 32.75
 33.00
 33.25
 32.75
 33.50
 33.00
 33.00
 33.25
 33.25
 33.50
 33.00
 33.00
 33.25
 33.25
 33.00
 33.00
 34.00
 33.25
 33.00
 33.00
 33.50
 33.00
 33.25
 33.00
 33.25
 33.75
 33.50
 33.25
 33.25
 33.25
 32.75
 32.75
 33.25
 33.00
 32.75
 32.75
 32.75
 33.25
 33.25
 33.00
 33.00
 33.00
 32.75
 33.00
 33.00
 32.75
 33.00
 33.00
 32.50
 32.75
 32.25
 32.75
 32.25
 32.75
 32.50
 32.50
 32.50
 32.75
 32.50
 31.75
 32.00
 32.50
 32.50
 32.50
 32.00
 32.00
 32.25
 31.75
 32.25
 32.25
 32.25
 32.25
 32.25
 31.75
 31.75
 31.50
 31.50
 31.50
 31.50
 31.50
 31.25
 32.00
 32.00
 31.75
 32.00
 31.75
 32.25
 32.25
 32.25
 32.50
 32.75
 32.00
 33.25
 33.25
 33.50
 34.00
 34.00
 34.50
 34.50
 35.00
 35.25
 35.75
 35.50
 35.50
 36.50
 36.25
 37.00
 36.75
 36.50
 36.50
 37.00
 36.75
 36.75
 37.00
 37.25
 37.00
 37.50
 37.25
 37.00
 37.25
 37.00
 37.75
 37.00
 37.00
 37.00
 37.00
 37.25
 36.75
 37.25
 37.50
 36.75
 36.75
 36.75
 36.50
 36.50
 36.25
 36.50
 36.75
 36.75
 36.75
 36.50
 36.50
 36.25
 36.75
 36.50
 36.25
 35.50
 36.50
 36.25
 35.75
 36.00
 36.00
 35.50
 35.75
 36.00
 36.00
 35.50
 35.75
 35.50
 35.25
 35.50
 35.00
 35.25
 35.25
 35.25
 35.00
 34.75
 35.25
 35.00
 34.75
 34.50
 34.75
 34.50
 34.25
 34.00
 34.25
 33.75
 34.25
 33.75
 33.50
 33.50
 33.75
 34.00
 33.75
 33.25
 33.50
 33.50
 33.00
 33.00
 33.25
 33.00
 33.50
 33.50
 32.75
 33.25
 33.00
 33.00
 32.25
 33.00
 33.00
 33.00
 32.75
 32.75
 32.25
 32.75
 32.75
 34.00
 33.00
 33.25
 33.50
 33.25
 32.75
 33.00
 32.50
 32.75
 32.50
 32.50
 33.75
 33.50
 33.50
 33.00
 33.50
 33.50
 33.50
 33.75
 33.75
 33.75
 35.00
 34.00
 33.75
 34.00
 34.00
 34.25
 34.50
 34.50
 34.25
 34.00
 34.50
 34.75
 34.50
 35.00
 34.75
 35.00
 35.00
 34.25
 34.75
 34.50
 34.75
 35.00
 34.50
 34.75
 34.75
 35.00
 34.50
 34.75
 34.75
 34.75
 34.50
 34.75
 34.00
 34.25
 33.75
 34.00
 34.00
 33.50
 33.50
 33.75
 34.00
 33.75
 34.00
 34.00
 33.75
 33.50
 33.50
 33.50
 33.25
 33.25
 33.50
 32.75
 32.75
 32.75
 32.75
 33.25
 32.50
 32.75
 32.50
 32.00
 32.25
 32.50
 32.25
 32.75
 32.75
 32.75
 32.75
 32.75
 32.50
 32.00
 31.75
 32.50
 32.50
 32.25
 32.00
 32.25
 32.00
 32.50
 32.75
 32.50
 32.50
 32.50
 32.75
 33.25
 33.00
 33.25
 33.75
 33.25
 33.75
 33.75