20.00
20.25
20.25
21.00
21.00
20.50
21.25
21.25
21.00
21.25
21.50
20.75
21.25
21.75
21.75
22.00
22.00
22.00
22.25
22.25
22.75
22.50
23.00
23.25
23.50
23.25
23.75
23.50
23.50
24.25
24.50
24.25
24.50
25.00
24.75
24.75
25.25
25.00
25.75
25.50
26.00
26.00
25.50
26.25
26.00
26.75
26.75
27.00
27.00
27.50
27.75
27.50
27.50
28.00
28.25
28.25
27.50
28.75
29.00
28.75
28.50
29.00
29.25
29.25
29.50
30.00
30.00
30.00
30.00
29.75
30.25
30.50
30.25
30.75
30.25
30.50
31.00
31.00
31.50
31.25
31.25
31.00
31.25
31.50
32.00
31.75
32.25
32.50
32.50
32.00
32.50
32.75
33.00
33.00
33.00
33.25
33.50
33.75
34.00
33.75
33.50
33.50
34.00
34.25
34.50
34.25
34.50
34.50
34.75
35.25
34.75
34.75
34.75
34.75
34.25
34.50
34.50
34.50
34.75
34.25
34.75
35.00
34.75
34.50
35.00
35.25
35.50
35.25
35.25
35.75
35.25
35.75
36.00
36.00
36.00
36.25
36.50
36.50
37.00
37.25
37.00
37.00
37.50
37.50
38.00
37.75
37.75
37.75
38.50
38.25
38.75
38.50
38.75
39.00
39.00
38.75
39.25
39.50
39.50
40.00
39.50
39.75
40.25
40.25
40.50
40.50
40.50
40.75
41.00
40.50
41.00
40.75
41.00
41.50
41.25
41.25
41.75
42.00
42.00
41.50
42.25
42.25
42.75
42.00
42.25
42.25
43.00
43.00
43.25
43.25
43.00
43.25
43.25
43.00
43.25
43.75
44.00
43.75
43.75
44.00
44.00
43.50
44.50
44.25
44.25
44.00
44.50
44.75
45.25
44.50
45.25
45.25
45.25
45.00
45.25
45.50
45.50
46.00
45.00
45.75
46.25
46.25
46.00
46.00
46.25
46.50
46.50
46.00
46.50
46.25
47.00
46.50
46.50
47.00
46.50
46.25
46.50
47.00
47.25
47.25
47.25
47.50
47.50
47.75
47.25
47.50
48.00
47.00
47.75
48.00
47.50
47.75
48.50
48.25
48.00
48.25
48.50
48.25
48.25
48.50
48.75
48.50
48.75
48.25
48.75
49.00
48.75
48.25
49.00
49.25
48.75
48.50
48.75
48.75
49.50
48.75
49.00
49.25
49.75
49.50
49.50
49.50
49.50
49.75
49.50
50.00
50.00
50.00
49.75
50.00
50.25
50.50
50.75
51.00
51.00
50.75
50.50
50.75
50.75
51.25
51.00
51.00
51.25
51.25
51.00
51.25
51.00
51.00
51.25
51.75
51.50
51.75
51.75
51.75
51.25
51.75
52.25
52.50
51.75
51.75
52.25
52.00
52.50
52.25
52.50
52.75
52.75
52.25
52.75
53.00
52.75
53.00
52.75
53.50
53.25
53.25
53.75
53.50
53.25
53.50
53.75
54.00
53.75
54.25
54.75
54.25
54.50
54.75
55.00
55.00
55.00
55.50
55.50
55.75
56.00
55.50
56.25
55.75
56.25
56.50
56.75
56.25
56.75
57.25
56.75
57.25
57.25
57.00
57.25
58.00
57.50
58.25
58.25
58.25
58.25
59.00
58.75
59.25
59.25
59.75
60.25
60.25
60.25
61.25
61.00
61.75
61.50
61.75
62.00
62.50
62.00
62.25
62.75
63.25
62.75
62.75
63.00
63.00
62.75
62.50
62.75
62.25
62.50
62.00
62.00
61.50
61.25
61.50
61.25
61.50
61.50
61.25
61.00
61.00
61.25
61.00
61.25
60.75
60.50
60.25
60.00
60.00
59.75
59.75
59.50
59.25
58.75
58.50
58.50
58.25
58.25
58.00
58.00
58.00
58.00
57.50
56.75
56.75
57.00
57.00
56.25
56.00
56.25
56.25
56.00
56.00
55.25
55.25
55.50
55.00
55.25
55.00
54.25
54.75
54.00
54.75
55.00
55.00
54.50
55.25
55.25
55.00
55.25
55.25
55.25
55.00
55.25
55.75
55.25
55.50
56.75
56.75
57.00
57.25
57.50
58.00
58.25
58.75
59.25
59.50
59.75
60.25
60.75
61.00
61.50
61.75
62.75
63.00
63.50
64.00
64.25
64.50
64.75
64.75
65.50
65.50
65.50
65.75
66.25
66.00
66.25
66.25
66.25
66.25
66.00
66.25
66.25
65.50
66.00
66.00
66.25
65.50
65.75
66.00
65.75
65.50
64.75
65.00
64.75
64.75
65.25
64.75
64.50
64.50
63.50
63.75
63.25
63.50
63.00
62.75
63.00
63.25
62.75
62.00
62.00
62.25
61.75
61.75
60.50
61.25
61.25
61.00
60.75
60.25
60.50
60.25
60.50
59.75
59.75
59.25
59.00
59.25
58.75
59.25
58.75
58.50
58.25
58.25
58.00
58.00
58.00
57.75
57.25
56.75
57.00
57.00
56.75
57.00
56.25
56.50
56.50
56.25
55.75
55.50
55.75
56.00
55.50
56.25
56.00
56.25
56.50
56.25
56.50
57.00
57.00
57.25
58.00
57.75
58.50
58.75
59.50
59.25
59.75
60.00
60.75
60.50
61.50
61.75
62.50
63.00
63.25
63.75
64.25
64.25
64.75
64.75
64.50
65.50
65.50
65.25
66.00
66.00
66.00
66.00
65.50
66.00
65.75
65.75
65.50
66.25
66.00
66.00
65.50
65.50
65.50
65.25
65.50
64.50
64.25
64.50
64.50
64.25
64.50
64.25
63.75
63.75
63.75
63.25
63.25
63.25
63.00
62.50
62.25
62.50
62.50
62.25
62.25
61.75
61.75
61.75
61.25
60.50
61.25
60.25
60.75
60.25
60.25
59.75
59.75
60.00
59.50
59.25
59.50
59.25
58.75
58.25
57.50
57.75
57.25
57.50
57.25
57.25
57.00
57.00
56.25
56.50
56.50
56.75
56.75
56.25
55.75
56.25
55.50
55.75
55.75
56.00
56.25
56.00
56.25
56.25
56.75
56.75
56.25
57.25
57.50
57.00
57.75
58.25
58.00
58.25
58.75
59.50
59.75
60.00
60.25
61.25
61.00
61.50
62.50
62.25
62.75
64.00
64.25
64.75
65.00
65.75
66.00
66.25
66.75
67.50
68.00
68.00
68.00
68.50
69.00
68.75
68.75
69.25
68.75
68.75
68.75
68.50
68.75
68.75
68.25
68.50
68.75
68.50
68.25
68.00
68.00
67.00
67.00
67.00
67.25
67.00
66.75
66.25
66.00
66.00
65.75
65.50
65.50
66.25
65.25
65.00
65.00
64.75
64.50
64.25
63.75
63.75
63.75
63.25
63.75
63.25
63.00
62.75
63.00
62.75
62.25
62.25
61.75
61.75
61.75
61.50
60.75
61.25
60.50
60.75
60.50
60.50
59.75
60.25
59.50
60.25
59.75
59.50
59.00
58.75
58.75
58.75
58.50
58.50
58.25
58.50
58.00
57.50
57.00
57.75
57.00
57.50
57.25
57.25
57.00
56.25
57.00
56.50
57.00
57.00
56.75
56.75
57.00
57.00
57.00
57.25
57.25
57.50
57.25
57.75
58.00
58.50
58.25
58.00
58.50
59.00
58.75
59.25
59.75
59.50
59.50
60.50
60.75
61.25
61.50
61.50
62.25
62.50
62.75
62.50
62.50
63.25
63.50
63.25
64.00
64.25
64.00
63.50
63.75
63.75
64.50
64.25
64.25
64.00
64.00
64.25
63.50
63.75
63.75
63.00
63.00
63.50
62.75
63.50
62.75
62.75
62.50
62.50
62.00
62.00
62.50
61.75
61.25
61.50
61.50
61.50
61.00
61.00
60.25
60.50
59.75
59.75
60.00
59.25
59.25
59.75
59.50
59.25
59.00
59.00
58.50
58.25
58.25
58.50
57.75
58.25
57.75
57.00
57.50
57.50
56.75
56.50
56.75
56.75
56.25
56.75
57.00
56.75
56.50
56.75
56.50
56.75
56.50
56.50
56.75
57.00
57.00
57.00
57.25
57.75
57.75
57.50
58.25
58.25
58.50
58.75
59.00
59.00
59.75
60.00
60.00
60.25
60.25
61.00
61.50
62.00
62.50
63.00
63.25
63.50
64.00
64.00
64.50
64.75
65.50
65.75
65.50
65.75
65.75
66.50
67.00
67.00
67.00
67.00
66.50
66.50
67.00
66.75
67.00
67.25
66.75
66.25
66.50
66.50
66.00
66.50
66.00
65.75
65.75
65.25
65.50
65.25
65.25
64.75
65.25
64.75
64.50
64.50
64.50
64.25
64.00
64.00
63.00
63.50
63.25
63.50
62.75
63.00
62.25
62.00
61.75
62.25
62.00
61.25
61.50
61.50
61.00
61.00
60.50
60.50
60.50
60.25
59.75
59.75
59.25
59.75
59.00
59.25
58.75
58.75
58.25
58.50
58.00
57.75
57.75
58.00
57.75
57.50
57.25
57.00
57.75
57.00
56.50
56.75
56.50
57.00
56.75
56.50
56.50
56.75
56.50
56.25
56.00
56.50
57.25
56.75
56.75
57.25
57.25
58.00
58.25
58.00
58.75
58.25
59.50
59.75
59.25
60.50
60.75
60.25
61.50
62.00
62.00
62.50
63.50
63.50
63.75
64.00
64.50
64.50
65.00
65.00
65.75
65.25
65.00
65.50
66.00
66.00
66.25
66.25
65.75
66.25
66.00
66.25
65.75
66.00
65.75
65.25
65.50
65.75
65.00
65.25
65.00
64.50
64.50
64.50
64.75
64.25
63.50
63.75
64.00
63.75
63.50
63.50
63.25
63.25
62.75
62.75
62.50
62.25
61.75
61.50
61.00
61.25
61.25
60.50
61.00
61.00
60.50
60.50
60.25
59.75
60.00
60.00
59.75
59.50
58.75
59.25
58.50
59.00
58.50
58.25
58.25
57.50
57.75
57.50
57.50
57.00
57.25
57.00
57.00
56.75
56.50
56.75
56.25
56.25
56.25
56.50
56.25
56.00
56.50
56.00
56.00
56.00
56.25
56.00
56.50
56.25
56.25
56.00
56.50
56.50
56.50
57.25
57.25
57.50
57.00
57.50
57.75
58.00
58.00
59.00
59.00
59.25
59.50
60.00
60.50
61.00
61.50
62.00
62.25
62.50
63.00
63.25
63.75
63.75
64.50
64.50
65.00
65.00
65.25
65.50
65.75
66.00
66.00
66.25
66.00
66.50
66.00
66.50
65.50
66.00
66.00
66.00
66.00
66.00
65.75
65.50
64.75
65.25
65.00
65.00
65.25
64.75
64.75
64.50
63.75
64.25
64.00
64.25
63.50
63.75
63.00
62.75
63.00
62.75
62.25
62.25
62.50
62.00
62.00
61.75
61.00
61.75
61.00
60.75
61.00
60.50
60.50
60.00
60.25
59.75
60.00
59.25
59.25
59.25
59.25
58.50
58.00
58.00
58.50
58.00
57.50
57.75
57.75
57.00
56.50
56.00
56.00
57.00
56.25
56.00
56.00
55.75
56.00
55.75
55.75
56.25
56.25
56.50
56.50
56.75
57.00
57.00
57.25
57.25
57.75
57.25
58.75
59.00
59.25
59.25
60.00
60.50
60.50
61.50
61.50
62.00
62.00
63.25
63.50
64.00
64.00
64.00
64.50
64.75
65.25
65.25
65.00
65.50
65.50
65.75
65.25
65.00
65.25
65.75
65.00
65.50
65.50
65.25
65.25
65.00
65.25
65.00
65.00
64.50
64.25
63.75
64.25
64.00
64.00
63.00
64.00
63.75
63.75
63.00
62.75
63.00
63.00
62.50
62.50
62.25
62.00
61.75
61.25
61.25
61.00
60.50
61.00
60.75
60.50
60.50
60.00
60.00
60.00
59.50
59.25
59.25
59.25
59.25
59.00
59.00
58.50
58.50
58.50
58.00
58.25
58.00
57.50
57.00
56.75
57.25
56.50
57.00
56.75
56.50
56.25
55.75
55.75
56.75
56.50
56.75
56.75
56.50
56.50
56.75
57.25
56.75
57.25
57.25
57.50
58.00
58.00
59.25
59.00
59.25
60.00
60.50
60.75
61.25
61.50
62.00
62.50
62.50
63.25
64.00
64.25
64.00
64.75
64.75
65.00
65.00
65.00
65.50
66.00
65.50
66.00
65.75
65.75
65.75
65.50
65.50
65.75
66.00
65.75
65.75
65.00
65.00
65.25
65.00
65.00
65.50
64.75
65.00
64.50
64.50
64.00
64.00
64.00
63.25
63.75
63.25
63.00
63.00
62.75
63.00
62.50
62.25
62.50
62.25
61.75
61.50
61.50
61.50
61.25
60.75
60.75
60.25
60.75
60.50
60.50
59.75
59.50
59.25
59.75
59.50
59.00
59.00
59.00
58.00
58.50
58.25
58.50
58.00
58.25
58.25
58.00
57.75
57.50
57.00
56.75
57.75
57.75
57.50
57.25
57.00
57.75
58.00
57.75
58.50
57.75
59.00
59.00
59.50
59.25
59.50
60.00
59.75
60.75
61.00
61.50
62.00
62.25
62.25
63.00
63.75
63.75
64.75
65.00
65.25
65.50
65.75
66.00
66.50
66.50
67.00
67.50
67.75
67.75
68.00
68.00
68.00
67.50
67.75
68.25
67.75
67.50
67.75
68.00
68.00
67.50
67.75
67.50
67.50
67.00
67.00
66.75
66.75
66.00
66.50
66.00
66.25
66.00
65.75
65.25
65.50
65.00
65.00
64.50
64.50
64.25
64.50
63.25
64.00
63.00
63.50
63.50
63.25
62.50
62.75
62.75
62.75
62.00
62.00
61.75
61.25
61.50
61.00
61.00
60.75
60.75
60.50
60.50
60.00
60.25
59.75
59.75
59.00
59.50
59.25
58.50
58.75
58.50
58.00
58.50
58.25
58.25
58.00
58.00
58.25
58.25
58.25
57.75
57.75
57.75
58.00
58.25
58.75
58.75
59.00
59.00
59.25
59.50
60.75
60.50
60.75
61.00
62.00
61.75
62.75
64.00
64.50
65.25
65.50
66.25
66.75
66.75
67.75
68.00
68.00
68.50
68.50
68.50
68.50
69.25
69.50
69.00
69.50
69.25
69.50
69.25
69.50
68.75
69.25
69.25
69.00
69.25
68.50
68.75
68.50
68.00
68.25
68.50
67.75
68.00
67.75
67.00
67.50
67.00
67.25
66.75
66.75
66.25
66.00
66.00
65.75
65.75
65.25
65.25
65.25
65.25
65.00
64.25
64.50
64.00
63.75
63.50
63.25
63.25
63.25
63.00
62.50
62.75
62.50
62.25
62.50
62.00
61.75
61.25
60.75
61.00
61.00
60.50
60.00
61.00
60.50
59.75
59.50
59.00
59.00
59.00
59.00
58.25
58.25
58.25
58.25
57.75
57.50
57.75
57.00
57.00
57.25
57.00
56.50
56.25
56.25
56.50
56.00
56.25
55.75
55.75
56.00
56.00
55.25
54.50
54.50
54.75
54.75
54.25
54.25
54.00
54.50
54.75
54.25
54.25
53.75
54.25
54.50
54.25
54.25
54.25
54.25
54.25
54.25
54.75
55.00
54.75
55.00
55.00
55.00
55.25
55.75
55.50
55.75
56.00
56.25
56.25
57.50
57.25
57.75
57.75
57.50
57.00
57.50
57.25
57.00
57.25
57.75
58.00
58.00
57.75
58.50
58.25
58.50
58.50
59.00
59.50
59.50
59.50
59.25
59.75
60.00
60.00
60.00
60.25
60.25
59.75
60.25
59.75
60.25
60.50
60.25
60.25
60.00
60.50
59.75
59.50
60.00
60.00
59.25
59.75
59.25
59.25
59.25
59.25
59.00
59.00
58.25
58.75
58.00
58.00
57.50
58.00
57.50
57.50
57.50
57.00
57.00
57.00
57.00
56.75
56.75
56.75
56.50
56.25
56.50
56.00
56.00
55.75
56.25
56.00
56.25
55.75
56.00
56.50
56.25
56.50
56.75
56.50
56.50
56.75
57.00
56.50
57.00
57.25
57.25
57.00
57.50
57.50
58.00
58.00
58.00
58.00
58.00
58.00
58.50
58.50
58.75
58.75
58.75
59.00
59.00
59.00
59.00
58.75
59.25
59.00
58.75
59.25
59.00
59.00
58.50
58.75
59.25
58.75
59.25
58.50
59.25
59.00
59.00
58.75
58.75
59.25
58.75
58.75
58.50
58.75
58.75
58.75
58.75
58.50
58.50
58.75
58.00
58.50
58.25
58.50
58.00
58.50
58.50
58.50
58.50
58.50
57.75
58.25
58.25
58.25
58.25
57.50
57.50
58.00
57.50
58.00
57.25
58.00
57.75
57.75
58.00
57.75
57.50
57.75
57.25
57.50
57.50
57.50
57.25
57.50
57.25
57.25
57.25
57.00
57.25
57.25
57.25
57.25
57.25
57.25
57.25
57.00
57.00
57.25
57.50
57.25
57.50
57.50
57.50
57.50
58.00
58.75
59.25
58.75
57.75
58.00
58.00
57.75
57.50
58.00
58.25
57.75
58.00
57.75
58.00
58.00
57.75
57.75
57.50
57.75
57.50
57.50
57.50
57.75
57.50
57.00
57.50
57.25
56.75
57.50
57.00
57.00
57.25
56.75
57.25
56.75
57.25
57.00
57.00
57.00
57.00
57.00
57.25
57.25
57.25
57.00
57.00
57.00
57.00
57.00
57.50
57.25
57.50
57.75
58.00
57.75
58.25
58.25
58.50
58.25
58.25
58.25
58.00
58.25
58.00
58.50
58.25
58.50
58.00
58.50
58.00
57.50
58.25
58.25
58.25
58.25
58.25
58.00
58.25
58.00
58.00
58.00
58.00
57.75
58.00
57.50
57.50
57.75
57.75
57.75
57.50
57.75
57.25
57.25
57.50
57.50
57.25
57.50
57.00
57.25
56.50
57.00
57.25
57.00
57.00
57.25
57.25
57.00
57.00
56.50
57.25
56.75
57.50
57.25
57.50
57.25
57.50
57.75
57.75
57.75
58.00
58.25
58.00
57.25
57.50
57.75
58.25
58.25
58.25
58.00
58.50
58.25
58.50
58.50
58.50
58.50
58.00
58.50
58.25
58.50
58.75
58.50
58.75
58.75
58.50
57.50
57.50
57.50
58.25
57.75
57.00
57.50
57.75
57.00
57.75
57.25
57.25
57.50
58.00
58.00
57.50
57.50
57.50
57.25
57.00
57.50
57.00
57.00
57.00
57.25
57.25
57.50
57.75
57.75
57.25
57.25
58.25
58.00
58.50
57.75
58.00
58.00
58.00
58.50
58.50
58.50
58.50
58.75
58.25
58.75
