19.75
20.00
21.00
20.75
20.00
20.50
20.00
20.75
20.50
20.75
20.75
20.75
21.00
21.25
21.00
21.50
21.00
21.50
21.50
21.75
21.50
21.00
21.75
22.00
22.25
22.50
22.50
22.75
22.75
22.50
23.25
22.75
23.50
23.50
23.75
24.00
24.25
24.25
24.25
24.50
24.75
25.00
25.25
25.25
25.00
25.25
25.75
25.50
26.00
26.00
25.75
26.50
26.50
27.00
26.75
27.00
27.00
27.25
27.25
27.50
27.75
27.50
27.75
28.25
27.50
28.50
28.50
29.00
28.75
28.75
28.75
29.00
29.25
29.00
29.50
29.75
30.25
30.25
30.50
30.25
30.50
30.50
30.75
31.00
30.50
31.00
31.25
31.50
31.25
31.75
31.50
32.25
31.50
32.25
32.50
32.50
32.75
32.75
32.50
33.00
33.25
33.25
33.25
33.25
33.25
33.50
32.75
33.00
34.00
34.00
34.25
34.50
34.25
34.25
34.25
34.75
35.00
35.00
34.75
34.25
35.00
35.00
35.00
34.50
35.50
35.25
35.25
35.25
35.75
35.75
35.75
35.50
35.75
36.00
36.00
36.00
36.25
36.00
36.25
36.00
36.50
36.00
36.75
36.75
36.50
36.50
36.75
36.50
37.00
37.00
37.00
37.25
36.75
37.00
37.00
37.25
37.25
36.75
37.50
37.50
37.50
36.75
38.00
37.50
37.50
37.50
37.50
37.50
38.00
38.00
38.00
38.25
38.25
38.25
38.25
38.25
38.25
38.50
38.50
38.50
38.50
38.50
38.50
38.50
38.50
39.00
38.50
38.50
39.00
39.00
39.25
39.00
39.25
39.25
39.25
39.50
39.50
39.50
39.75
40.00
39.50
39.75
39.75
40.00
40.00
40.00
40.00
40.00
40.25
39.75
40.50
40.25
40.50
39.75
40.00
40.75
40.75
40.75
40.75
40.25
41.00
40.25
40.75
41.00
41.25
41.25
41.25
41.25
41.50
41.50
41.25
41.75
41.50
41.25
41.50
41.75
41.75
41.25
41.00
42.00
42.25
42.00
42.25
41.75
42.50
43.25
43.00
42.50
41.75
42.25
42.00
42.00
42.75
42.75
42.75
42.75
42.75
42.75
43.25
43.25
43.25
43.00
43.25
43.25
43.75
43.50
43.50
43.75
43.75
43.50
44.00
43.50
44.25
44.00
44.25
44.25
44.50
44.50
44.25
44.50
44.75
44.75
44.75
44.50
44.25
44.50
44.50
44.50
44.50
44.50
44.75
45.25
45.00
45.00
44.50
45.25
45.25
45.75
46.25
46.00
45.50
46.00
45.50
46.25
46.00
46.00
46.25
46.25
46.75
46.75
46.25
46.75
46.50
46.75
47.00
47.00
47.00
47.00
46.25
47.00
46.50
47.00
46.75
46.75
47.00
47.25
47.00
46.75
46.75
47.00
47.25
47.00
47.00
47.00
47.00
47.00
47.50
47.50
47.00
47.25
47.25
47.25
47.75
47.25
48.25
48.75
48.75
48.50
48.50
48.25
48.75
48.00
48.50
48.25
48.00
48.50
48.00
48.50
48.75
48.25
48.50
48.25
48.50
48.00
48.25
48.25
49.25
49.25
49.25
49.00
48.50
49.50
49.25
49.00
49.00
49.25
49.50
49.25
49.25
49.50
49.75
49.50
49.25
49.50
49.25
49.50
49.75
49.50
49.75
49.25
49.75
50.25
50.00
49.75
50.25
50.25
50.00
50.50
49.75
50.00
50.00
50.50
50.25
50.25
50.75
50.25
51.00
50.50
51.00
50.75
51.00
50.75
51.00
50.75
50.75
51.25
51.00
50.75
51.25
50.75
51.25
51.50
51.25
51.50
51.25
51.25
51.75
51.75
51.25
51.50
50.75
51.25
50.50
50.50
51.25
50.75
50.75
50.50
51.00
51.25
51.00
50.75
50.25
51.00
51.00
50.50
51.00
51.25
51.25
51.00
51.50
51.50
51.75
51.75
51.50
51.75
52.25
51.75
51.50
52.25
51.75
51.75
52.00
52.25
51.50
52.25
52.00
52.25
52.00
52.25
52.00
52.25
52.50
52.50
52.75
52.50
52.75
52.25
52.50
52.25
52.50
52.75
52.50
52.25
53.00
52.25
52.50
52.50
52.75
52.25
53.00
53.00
53.00
52.75
52.25
53.00
52.75
52.75
53.50
52.50
52.25
53.25
53.00
53.00
53.00
53.00
53.25
52.75
53.50
53.00
52.75
52.50
53.00
52.75
53.00
53.00
53.25
53.50
53.25
53.50
53.50
53.50
53.75
53.75
53.25
53.50
53.50
53.75
54.00
53.25
53.75
53.50
54.00
54.25
53.75
54.00
54.00
54.00
54.00
53.75
54.25
54.25
54.25
54.50
54.00
54.25
54.25
54.00
54.25
54.50
54.00
54.25
54.50
54.25
54.50
54.75
54.50
55.00
54.50
54.75
54.25
54.50
55.00
54.75
55.00
54.50
54.25
54.75
55.00
55.00
54.75
55.00
54.75
55.25
55.00
55.25
54.50
54.75
54.75
55.00
55.25
55.25
55.25
55.00
55.25
55.50
55.50
55.25
55.25
55.25
55.00
55.25
55.75
55.75
55.50
56.00
55.50
56.00
55.75
56.25
55.50
56.00
56.25
56.00
56.00
56.00
55.50
56.00
55.75
56.00
56.25
56.25
56.50
56.75
56.50
57.00
57.00
56.75
56.25
56.50
57.00
56.75
56.25
56.50
56.75
56.75
56.50
57.00
56.75
57.00
57.25
57.00
56.75
57.25
57.00
56.75
56.50
57.00
57.25
57.00
57.00
57.00
56.50
57.25
56.75
56.75
57.25
57.00
57.00
56.75
57.00
57.00
57.00
57.00
56.75
57.00
57.25
57.25
57.25
56.75
57.00
57.25
56.75
56.75
57.25
57.00
57.25
57.50
57.50
57.75
57.75
57.75
58.50
58.75
58.25
58.75
58.75
58.50
58.75
58.00
58.50
58.25
58.25
58.50
58.25
58.50
58.25
58.00
57.75
57.75
58.00
57.25
58.25
58.00
57.75
57.75
57.75
57.75
58.00
57.75
57.50
58.00
57.75
57.75
57.75
57.75
58.00
58.25
58.25
58.75
58.75
58.50
58.75
58.75
59.25
59.00
59.00
59.25
59.00
59.00
58.75
59.25
59.25
59.00
59.00
59.00
59.00
59.00
59.25
59.25
59.50
59.50
59.00
59.50
59.50
59.75
59.00
59.75
59.25
59.00
59.00
59.00
59.00
59.25
59.25
59.25
58.75
59.25
59.25
59.25
59.50
59.25
59.25
59.25
59.00
59.00
59.00
59.00
59.00
59.50
59.25
59.75
59.50
59.50
59.50
59.75
59.75
58.75
59.50
59.50
59.50
59.50
59.50
59.50
59.25
59.50
59.25
59.75
59.50
58.75
59.25
59.00
59.25
58.75
59.25
59.75
59.25
60.00
60.00
59.50
59.50
59.75
60.00
59.25
59.75
59.75
59.75
60.00
60.25
60.25
60.00
60.25
60.25
59.75
59.50
60.00
60.25
60.00
60.50
60.25
60.50
60.00
60.75
60.50
60.50
60.25
60.75
60.50
60.50
60.75
61.00
60.50
60.50
61.25
61.25
61.00
61.25
60.50
61.00
61.50
61.25
61.25
60.75
61.25
60.50
61.25
61.25
61.50
61.50
61.50
61.25
61.00
61.25
61.00
61.00
61.50
61.00
61.25
61.50
61.00
61.25
61.00
60.75
61.00
61.00
61.00
61.00
61.00
61.00
61.25
61.25
61.25
60.25
61.00
61.25
61.25
60.50
61.25
61.25
61.75
61.25
62.00
61.75
62.50
61.75
62.50
62.50
61.75
62.25
62.25
62.50
62.25
62.25
62.00
62.75
62.00
62.00
62.25
62.00
62.25
62.25
62.00
62.50
62.25
62.50
62.00
61.75
61.75
61.75
61.75
62.25
62.25
62.25
62.00
61.50
62.00
62.50
62.75
62.00
62.50
62.75
62.75
62.75
62.50
63.00
62.75
62.50
62.75
63.00
63.00
62.75
63.00
63.00
63.00
62.75
63.00
63.00
63.25
63.50
63.00
63.25
63.25
63.25
63.50
63.50
63.50
63.50
63.00
63.50
63.75
63.00
63.50
63.25
63.25
63.50
63.25
63.50
63.75
63.75
63.50
63.25
63.50
63.50
64.00
63.75
63.75
64.00
63.50
63.25
63.50
63.75
64.00
63.75
63.00
63.25
63.75
63.25
63.50
63.75
64.00
63.75
63.50
64.25
63.75
64.00
64.00
63.75
63.75
63.75
63.75
63.25
63.75
63.75
63.75
64.00
63.75
63.75
63.75
63.50
63.50
63.50
63.50
63.50
64.00
64.00
64.00
63.75
64.00
63.75
63.50
63.50
63.25
63.75
63.75
63.75
64.00
63.25
63.75
64.00
63.50
64.00
63.50
64.00
63.75
64.00
63.75
64.00
64.00
63.25
64.00
63.50
63.75
63.75
64.00
64.00
63.75
64.00
63.75
64.00
63.50
64.00
64.00
63.75
64.00
64.25
64.00
64.00
64.25
64.00
63.50
63.75
64.00
64.00
64.25
64.00
64.25
64.00
64.25
64.25
64.00
64.00
64.00
64.25
63.75
64.00
64.25
64.50
64.50
64.75
64.50
64.75
64.50
64.25
64.25
64.25
64.25
64.25
63.75
64.75
64.75
65.00
64.50
65.00
64.50
65.00
65.00
64.75
65.00
65.00
64.75
64.50
65.00
64.50
64.50
65.00
65.25
64.75
65.25
65.00
65.25
65.75
65.50
65.25
65.75
65.50
65.50
65.25
65.25
65.25
65.25
65.25
65.75
65.50
65.50
66.00
65.75
65.50
65.75
66.00
66.25
66.00
66.00
66.25
66.25
66.25
66.25
66.25
66.75
66.25
66.75
66.75
66.75
66.25
67.25
67.00
66.75
67.25
66.75
67.25
67.50
67.50
67.50
67.50
67.50
68.00
68.25
68.25
68.00
68.00
68.50
68.75
68.75
69.00
68.75
69.25
69.75
70.00
70.00
70.25
70.00
70.50
70.75
70.75
71.00
71.50
71.50
71.75
71.75
72.50
72.50
73.00
73.25
73.75
73.75
74.25
74.50
75.25
75.75
76.00
76.50
77.00
77.25
77.75
77.25
78.25
78.25
78.25
78.00
78.75
78.75
78.75
78.25
78.50
78.50
78.50
78.50
78.25
78.00
78.00
77.75
77.75
77.75
77.25
76.75
77.00
76.50
76.50
76.00
76.00
75.50
75.75
75.25
75.00
74.75
74.75
74.50
74.25
74.00
73.75
73.50
73.25
72.25
72.75
72.00
72.00
71.75
71.50
71.25
71.00
70.75
70.25
70.25
70.50
70.25
70.00
69.75
68.75
69.00
68.75
69.00
68.50
68.25
68.50
68.75
68.75
68.75
68.75
68.50
68.75
69.00
69.25
69.75
69.50
69.00
69.50
70.25
70.25
70.00
70.50
70.75
71.25
71.50
71.25
71.75
71.50
72.25
72.50
72.75
73.00
72.75
73.75
73.75
74.00
74.50
74.75
75.25
75.75
76.25
76.25
77.00
77.00
77.50
77.50
78.00
77.75
78.25
77.75
78.00
78.75
78.50
78.25
78.25
78.00
78.00
78.00
77.50
77.75
77.75
77.75
77.25
77.25
76.75
76.75
76.75
76.50
76.50
75.50
75.75
75.25
75.00
75.25
74.25
74.50
74.25
74.25
73.75
72.75
73.50
73.00
72.25
72.50
72.25
72.00
71.75
71.50
71.00
71.00
70.75
70.75
70.50
70.25
70.00
69.75
69.50
68.75
69.00
68.75
68.75
69.00
68.75
68.75
68.25
68.00
68.25
67.75
67.75
68.25
67.75
68.00
68.00
68.00
67.75
68.00
68.00
68.50
68.50
67.50
68.25
68.25
68.25
68.50
68.50
68.25
68.50
68.50
68.50
68.75
68.75
68.75
69.00
68.50
69.00
68.50
69.25
68.75
68.75
68.50
69.00
68.75
69.25
69.25
69.50
69.25
69.50
69.25
69.25
69.00
69.50
69.50
70.00
69.50
69.75
69.25
69.75
70.25
69.75
69.75
70.50
70.25
70.25
70.50
70.25
70.75
70.25
70.75
71.00
70.75
70.50
71.00
70.25
71.00
71.00
71.25
71.75
71.50
71.75
71.75
73.00
72.75
73.25
73.25
73.75
74.25
74.50
75.25
75.00
76.00
76.25
76.00
76.25
77.00
76.75
77.00
77.25
77.00
77.25
77.25
77.50
77.25
77.50
77.50
77.00
77.00
76.75
77.00
77.25
76.75
77.00
76.25
76.25
75.75
75.25
75.25
75.25
75.25
74.25
74.25
73.75
74.00
73.50
73.25
73.25
73.00
72.75
72.75
72.25
72.00
71.25
71.25
71.00
71.25
71.00
70.50
70.25
70.00
69.75
70.00
69.75
69.75
69.25
69.00
69.25
68.75
69.00
68.75
68.50
69.00
69.00
69.00
69.00
69.75
69.25
69.75
69.50
69.75
70.00
70.25
70.25
70.25
70.75
70.75
71.25
72.00
72.00
72.50
72.75
73.00
73.75
73.50
74.00
74.75
74.75
76.00
76.50
77.00
77.50
77.50
78.25
78.50
78.75
79.25
80.00
80.25
79.75
79.75
80.25
80.00
80.50
80.25
80.50
80.25
80.25
80.25
80.25
80.00
80.00
79.75
79.75
79.25
79.25
79.00
78.75
78.25
78.00
78.25
78.25
77.75
77.50
77.00
77.00
76.25
76.00
76.25
75.75
75.75
75.75
75.00
75.50
75.00
74.25
74.25
73.75
73.75
73.50
73.50
72.50
72.50
72.50
72.00
72.00
71.25
71.00
71.25
70.75
70.75
70.25
70.00
70.00
69.50
69.25
69.50
69.00
69.00
68.75
69.00
68.75
69.00
68.75
68.75
68.25
69.00
68.75
68.75
68.75
69.75
69.75
70.00
70.00
70.25
70.75
71.25
71.25
71.75
72.00
73.00
72.50
73.50
73.75
74.75
75.25
75.75
76.00
76.75
77.00
77.75
78.00
78.75
79.00
79.50
79.50
80.25
80.00
81.25
81.50
81.75
82.00
81.75
82.00
82.25
82.00
81.75
81.75
81.50
81.50
81.25
81.25
81.25
80.50
81.25
80.25
80.50
80.50
80.50
80.00
79.75
79.00
79.00
78.75
78.50
78.00
78.50
77.75
77.50
77.50
77.25
76.75
76.75
76.25
76.25
76.25
75.75
75.75
74.75
75.00
74.75
74.50
74.00
73.75
73.75
73.50
73.25
73.00
72.50
72.25
72.00
71.00
71.50
71.50
71.25
70.50
70.00
70.25
69.75
69.50
69.25
69.25
68.75
68.75
68.25
68.25
68.25
68.25
67.50
67.50
67.25
67.50
67.75
67.50
67.75
67.25
67.25
67.25
68.00
68.25
68.50
68.25
68.50
68.75
68.50
69.50
69.50
69.50
69.25
69.50
70.50
71.00
71.25
71.25
71.75
72.00
72.50
72.75
73.50
73.75
74.25
75.00
74.75
75.75
76.25
76.25
77.50
77.75
78.50
78.75
79.00
79.25
79.75
80.25
80.75
81.00
80.75
80.75
81.00
81.00
81.00
81.50
80.75
80.75
81.50
81.25
81.25
80.50
80.75
80.50
80.50
80.25
80.25
80.25
79.75
79.50
79.00
79.25
79.25
78.50
78.50
77.50
78.25
77.50
77.00
77.25
76.75
76.50
76.75
76.25
75.75
75.50
75.00
75.00
74.75
74.75
74.25
74.00
73.50
73.75
73.50
73.00
72.50
72.50
72.50
72.00
71.50
71.50
71.25
71.00
70.75
70.75
70.25
70.00
69.75
69.25
69.00
69.25
68.75
68.50
68.75
68.25
68.50
67.75
67.75
67.50
67.75
67.50
67.50
67.75
68.25
67.75
67.75
68.50
68.00
68.50
68.50
68.50
68.75
69.00
69.25
69.25
69.75
69.50
69.75
70.25
70.75
70.75
70.75
71.00
71.50
71.00
71.75
72.25
72.25
72.75
73.25
73.50
74.25
74.25
73.75
74.50
75.50
75.00
75.25
76.00
76.00
79.50
79.00
79.25
81.00
81.00
81.50
81.25
81.50
81.75
81.00
80.50
81.25
81.75
81.75
81.00
81.75
81.25
81.75
81.25
81.50
81.50
81.25
81.00
80.75
80.50
80.25
80.25
80.25
80.00
79.25
79.75
78.75
79.00
79.00
78.25
78.00
77.75
77.25
77.50
77.00
76.75
75.00
