20.75
22.00
22.50
22.00
21.25
21.50
21.75
21.25
21.75
21.50
22.00
22.25
22.50
22.75
23.25
23.25
24.25
24.00
24.75
25.75
25.75
26.25
25.75
26.50
27.00
28.00
27.75
29.00
29.25
29.75
30.50
31.00
31.75
32.25
32.00
33.00
33.50
33.75
34.25
35.50
35.50
36.00
37.00
37.00
37.75
38.00
38.50
39.00
39.50
40.00
41.50
40.75
41.75
42.75
42.75
43.75
44.50
44.50
45.25
45.50
46.25
46.25
47.00
47.50
47.50
48.25
48.25
48.50
49.00
49.50
49.75
50.50
50.75
50.50
51.50
52.00
52.25
52.75
53.25
53.00
53.75
54.00
54.50
55.25
55.25
56.00
56.75
56.75
57.25
57.50
57.75
58.25
58.25
59.00
59.00
59.50
59.75
60.25
60.50
60.75
61.50
61.75
61.75
62.50
62.75
63.25
63.25
63.75
63.50
64.50
64.50
65.25
65.25
65.75
66.25
67.25
67.25
67.25
68.00
67.75
68.00
69.00
68.75
69.00
69.25
70.00
70.50
70.25
71.25
71.00
71.75
71.75
72.25
72.50
72.50
73.50
73.75
73.75
74.00
74.50
74.75
74.75
74.75
75.50
75.75
75.50
76.25
76.50
76.75
77.25
78.25
78.50
78.50
78.50
79.25
79.25
79.50
79.75
80.25
80.25
80.75
81.00
81.25
81.50
81.50
82.00
82.75
82.75
82.75
82.75
82.75
83.50
84.00
83.50
84.25
84.75
84.50
85.25
85.75
86.00
85.75
86.25
86.50
87.00
87.25
87.50
88.00
88.25
88.25
88.50
89.00
89.25
89.50
89.50
89.50
90.00
90.00
90.75
91.00
91.50
91.75
91.75
92.00
92.50
92.50
93.25
93.75
94.25
94.50
95.25
95.75
96.25
97.00
97.50
98.00
98.75
99.25
100.00
100.25
100.25
100.25
101.00
100.75
101.00
101.00
100.75
101.00
101.00
101.00
100.75
100.50
100.00
100.25
99.50
100.00
99.50
99.00
99.25
98.50
98.00
98.25
97.75
97.25
97.25
96.75
96.75
96.25
96.00
95.50
95.25
95.00
94.50
94.50
94.25
93.50
93.00
92.25
92.25
92.00
91.50
91.50
90.75
90.75
90.25
89.50
89.25
89.00
88.50
88.50
88.00
87.50
87.25
86.50
86.50
86.25
86.25
86.00
85.75
85.50
85.25
85.25
85.25
85.50
85.50
85.75
85.50
85.75
85.50
86.25
86.50
86.75
87.00
87.50
87.50
88.25
88.00
88.75
88.75
89.00
89.25
89.75
90.00
90.50
90.75
91.25
92.00
92.00
92.50
92.50
93.25
93.50
94.25
94.50
95.00
95.50
96.25
96.50
96.50
97.50
97.75
97.75
98.00
97.75
97.75
98.00
97.75
98.25
98.00
98.00
98.00
98.00
97.75
97.75
97.50
97.00
97.25
97.00
96.75
96.25
96.50
96.00
95.75
95.50
95.25
95.00
94.25
93.50
93.50
92.75
92.75
92.00
91.75
91.50
91.25
91.00
91.00
90.25
89.75
89.50
89.25
88.50
88.50
88.25
87.25
87.00
87.00
87.00
86.25
86.25
85.75
85.75
85.75
85.50
85.50
85.50
85.25
85.50
85.75
85.25
85.75
85.75
85.25
86.00
86.25
86.25
86.50
86.75
87.00
87.25
87.50
87.75
87.75
88.50
89.50
90.00
90.25
90.50
91.00
90.75
91.75
91.50
92.25
92.50
93.25
93.75
94.25
94.75
94.75
95.50
96.50
96.75
97.50
98.25
98.75
99.25
100.00
101.00
101.00
101.50
102.25
102.50
103.00
103.50
103.75
104.50
105.00
104.75
104.50
104.75
105.00
104.50
104.50
104.50
104.50
104.25
104.25
103.50
103.25
103.00
103.25
102.50
102.25
101.75
102.00
100.50
100.25
99.75
99.75
99.00
99.50
98.50
98.25
98.00
97.75
97.50
97.25
96.75
97.00
96.75
95.75
95.50
94.25
94.50
94.00
93.50
93.50
93.00
92.25
92.00
92.00
91.50
91.00
91.00
90.50
89.75
89.50
89.25
89.00
88.50
88.50
88.00
87.75
87.25
87.25
86.75
86.25
86.00
86.25
86.00
85.75
85.00
85.25
85.25
85.25
86.00
85.50
86.00
86.25
86.75
86.50
86.50
87.00
87.50
87.25
87.75
87.75
88.25
88.75
89.00
89.25
89.25
90.25
90.00
90.50
91.00
91.25
91.75
92.00
92.50
93.00
93.00
93.25
93.25
94.00
94.75
95.75
96.00
96.75
97.25
97.75
98.25
98.50
99.25
99.25
99.75
99.75
100.00
100.00
100.50
100.25
100.25
100.00
99.25
99.50
99.75
99.25
99.25
99.00
99.00
98.25
98.25
97.75
98.00
97.50
97.50
97.00
96.50
96.75
96.25
95.75
95.25
95.50
95.25
95.00
94.50
94.00
93.75
93.00
93.00
92.50
92.00
92.00
91.75
91.00
91.00
90.50
89.50
90.00
89.25
88.75
89.00
88.50
88.25
87.75
88.00
87.50
87.00
87.25
86.25
86.75
86.50
86.25
86.00
86.25
86.50
85.75
86.75
86.75
87.25
87.50
87.50
88.00
88.25
88.50
88.75
89.50
89.50
90.25
90.25
91.25
91.25
92.00
92.25
93.00
93.25
93.75
94.25
94.75
94.75
95.00
95.50
95.75
96.00
96.00
96.25
96.00
96.25
96.25
96.25
96.50
96.50
96.00
96.00
96.00
95.50
95.25
95.50
95.25
94.50
94.75
94.75
94.00
93.50
93.25
93.25
93.00
92.75
92.50
91.75
92.00
91.50
91.25
90.75
90.50
90.25
89.75
89.75
89.25
89.00
89.00
88.00
88.50
88.25
88.00
88.00
88.25
87.75
87.50
87.50
87.25
88.00
88.50
88.25
88.75
89.00
89.00
88.75
89.50
90.00
90.75
90.75
91.25
91.75
92.25
92.75
93.50
93.75
94.25
94.75
95.50
95.75
96.75
97.25
98.00
98.25
99.00
98.75
99.25
99.50
100.50
100.75
100.00
100.00
100.00
100.25
100.00
100.25
99.75
99.75
99.75
99.75
99.75
99.25
99.00
98.75
99.00
98.50
97.50
97.50
97.50
97.00
96.75
96.50
95.75
95.25
95.50
95.50
95.75
95.00
94.50
94.50
93.50
93.75
93.75
93.25
92.50
92.25
91.75
91.25
91.25
91.25
91.00
89.50
89.75
89.25
88.75
88.50
88.25
88.00
87.75
87.75
87.50
87.25
87.75
87.50
87.75
88.00
87.25
88.00
88.00
88.25
88.25
88.25
89.00
88.75
89.00
89.50
90.25
90.50
90.25
91.00
91.25
91.50
92.25
92.50
93.25
93.75
94.25
94.25
95.25
95.50
96.25
96.50
97.00
98.00
98.50
99.25
99.75
100.75
100.50
101.50
102.25
102.50
102.75
102.75
102.75
103.25
103.25
103.75
103.00
103.25
103.50
103.25
103.50
103.25
102.75
103.00
103.00
102.25
102.25
102.00
101.75
101.25
100.50
100.75
100.75
100.50
100.25
100.00
99.00
99.25
99.00
98.00
97.75
97.50
97.00
97.00
96.50
96.25
96.00
95.50
94.50
94.50
94.50
93.75
93.50
92.75
93.00
92.50
92.25
91.50
91.25
90.75
90.75
90.00
89.75
89.50
88.50
88.50
88.75
88.75
88.00
87.75
86.75
86.50
86.50
85.75
86.25
86.25
86.00
86.25
86.25
86.00
86.00
86.25
86.50
86.50
87.00
87.50
87.75
87.75
88.25
88.25
89.00
89.25
89.00
90.00
90.00
90.50
90.50
91.75
92.25
92.75
93.50
94.25
94.75
95.50
96.00
96.75
97.50
98.00
98.50
99.75
100.25
101.25
101.50
102.00
103.00
103.75
104.00
104.25
105.00
105.00
105.50
105.50
105.50
105.50
105.75
105.50
105.75
105.50
105.75
105.25
105.25
105.25
104.50
104.50
104.25
104.00
104.00
103.25
103.00
102.75
102.75
102.00
102.25
101.50
101.50
100.75
100.00
100.00
100.00
99.50
98.75
99.00
98.50
97.75
97.25
97.00
97.00
96.50
96.00
95.75
95.75
95.00
94.25
94.50
94.00
93.50
93.25
93.25
92.50
92.00
92.00
91.50
91.00
90.75
90.25
89.75
89.25
89.25
89.00
88.50
88.50
88.00
88.25
87.75
87.00
87.50
87.00
86.75
88.00
87.75
87.50
87.50
